[Project1] 1251 1587651036.775662653 1587651038.024069797
[Project1] 1253 1587651039.380886903 1587651040.654909557
[Project1] 1254 1587651041.935711025 1587651043.201340539
[Project1] 1255 1587651044.637562974 1587651045.917845227
[Project1] 1256 1587651047.227634255 1587651048.523973712
[Project1] 1257 1587651049.872501175 1587651051.170545795
[Project1] 1258 1587651052.500224419 1587651053.829878462
[Project1] 1259 1587651055.195169890 1587651056.471851774
[Project1] 1260 1587651057.829041546 1587651059.140551732
[Project1] 1261 1587651060.440727017 1587651061.686054869
